0
0
0
0
0
0
0
0
0
0
0
0
0
0
0
0
0
0
0
0
0
0
0
0
0
6.25000006984919
12.4999998603016
18.7500000000000
25.0000009527430
110.249998094514
195.500000000000
280.750000952743
365.999998094514
434.250000000000
502.500000762753
570.749998474494
639
672.250000371598
705.499999256805
738.750000000000
772.000000120141
782.749999759719
793.500000000000
804.250000120141
814.999999759719
814.750000000000
814.499999997206
814.250000005588
814
814.750000008382
815.499999983236
816.250000000000
816.999999899417
808.000000201166
799
789.999999899417
781.000000201166
775.750000000000
770.499999941327
765.250000117347
760
737.749999751337
715.500000497326
693.250000000000
670.999999597669
635.000000804663
599
562.999999597669
527.000000804663
471.750000000000
416.499999382533
361.250001234934
306
255.249999432825
204.500001134351
153.750000000000
102.999998848885
2.30222933583768e-06
0
0
0
0
0
0
0
0
0
0
0
0
0
0
0
0
0
0
0
0
0
0
0
0
0
0
0
0
0
0
0
0
0
0
0
0
0
0
0
0
0
0
0
13.7500001536682
27.4999996926636
41.2500000000000
55.0000000111759
55.9999999776483
57
58.0000000111759
58.9999999776483
103.750000000000
148.500000500120
193.249998999760
238
346.750001215376
455.499997569248
564.250000000000
673.000000290573
698.999999418855
725
751.000000290573
776.999999418855
752.250000000000
727.499999723397
702.750000553206
678
709.500000352040
740.999999295920
772.500000000000
803.999999921769
797.000000156462
790
782.999999921769
776.000000156462
772.250000000000
768.499999958091
764.750000083819
761
744.499999815598
728.000000368804
711.500000000000
694.999999513850
651.500000972301
608
564.499999513850
521.000000972301
449
376.999999195337
305.000001609325
233
193.749999561347
154.500000877306
115.250000000000
75.9999991506338
1.69873232547246e-06
0
0
0
0
0
0
0
0
0
0
0
0
0
0
0
0
0
0
0
0
0
0
0
0
0
0
0
0
0
0
0
0
0
0
0
0
0
0
0
0
0
0
0
0
0
0
0
0
0
0
0
3.75000000000000
7.50000004190952
11.2499999161810
15
59.0000004917383
102.999999016523
147
191.000001447275
320.499997105450
450
579.500001447275
708.999997105450
678.750000000000
648.499999661930
618.250000676140
588
584.249999958091
580.500000083819
576.750000000000
573.000000522472
619.749998955056
666.500000000000
713.250000522472
759.999998955056
763
766.000000033528
768.999999932945
772
752.499999782071
733.000000435859
713.500000000000
693.999999511056
650.250000977889
606.500000000000
562.749999511056
519.000000977889
447.500000000000
375.999999200925
304.500001598150
233
193.249999555759
153.500000888482
113.750000000000
73.9999991729856
1.65402884322319e-06
0
0
0
0
0
0
0
0
0
0
0
0
0
0
0
0
0
0
0
0
0
0
0
0
0
0
0
0
0
0
0
0
0
0
0
0
0
0
0
0
0
0
0
0
0
0
8.66129968579711e-08
7.74999982677401
15.5000000000000
23.2500000866130
30.9999998267740
138.500000000000
246.000001201406
353.499997597188
461
529.750000768341
598.499998463318
667.250000000000
736.000000229105
756.499999541789
777
797.500000229105
817.999999541789
821.750000000000
825.500000041910
829.249999916181
833
833
833
833
832.999999952503
828.750000094995
824.500000000000
820.249999952503
816.000000094995
804.500000000000
792.999999871478
781.500000257045
770
750.749999784865
731.500000430271
712.250000000000
692.999999390915
638.500001218170
584
529.499999390915
475.000001218170
389
302.999999038875
217.000001922250
131
108.249999745749
85.5000005085021
62.7500000000000
39.9999995529652
8.94069644985507e-07
0
0
0
0
0
0
0
0
0
0
0
0
0
0
0
0
0
0
0
0
0
0
0
0
0
0
0
0
0
0
0
0
0
0
0
0
0
0
0
0
0
0
0
0
0
0
1.00582835060870e-07
8.99999979883433
18
27.0000001005828
35.9999997988343
142.750000000000
249.500001193024
356.249997613952
463
530.500000754371
597.999998491258
665.500000000000
733.000000237487
754.249999525026
775.500000000000
796.750000237487
817.999999525026
819
820.000000011176
820.999999977648
822
824.500000027940
826.999999944121
829.500000000000
831.999999952503
827.750000094995
823.500000000000
819.249999952503
815.000000094995
804.500000000000
793.999999882653
783.500000234693
773
752.499999770895
732.000000458211
711.500000000000
690.999999329448
631.000001341105
571
510.999999329448
451.000001341104
367.250000000000
283.499999064021
199.750001871958
116
95.7499997736886
75.5000004526228
55.2500000000000
34.9999996088445
7.82310939362318e-07
0
0
0
0
0
0
0
0
0
0
0
0
0
0
0
0
0
0
0
0
0
0
0
0
0
0
0
0
0
0
0
0
0
0
0
0
0
0
0
0
0
0
0
0
0
0
1.39698382028986e-08
1.24999997206032
2.50000000000000
3.75000001396984
4.99999997206032
20.2500000000000
35.5000001704320
50.7499996591360
66
214.000001654029
361.999996691942
510
658.000000444241
697.749999111518
737.500000000000
777.250000444241
816.999999111518
821
825.000000044704
828.999999910593
833
832.749999997206
832.500000005588
832.250000000000
831.999999955297
828.000000089407
824
819.999999955297
816.000000089407
805
793.999999877065
783.000000245869
772
751.749999773689
731.500000452623
711.250000000000
690.999999388121
636.250001223758
581.500000000000
526.749999388121
472.000001223758
402.500000000000
332.999999223277
263.500001553446
194
159.499999614432
125.000000771135
90.5000000000000
55.9999993741513
1.25169750297971e-06
0
0
0
0
0
0
0
0
0
0
0
0
0
0
0
0
0
0
0
0
0
0
0
0
0
0
0
0
0
0
0
0
0
0
0
0
0
0
0
0
0
0
0
0
0
0
2.79396764057971e-08
2.49999994412065
5
7.50000002793968
9.99999994412065
144.500000000000
279.000001503155
413.499996993691
548
601.750000600703
655.499998798594
709.250000000000
763.000000150874
776.499999698252
790
803.500000150874
816.999999698252
821
825.000000044704
828.999999910593
833
832.749999997206
832.500000005588
832.250000000000
831.999999935739
826.250000128523
820.500000000000
814.749999935739
809.000000128523
799.750000000000
790.499999896623
781.250000206754
772
753.749999796040
735.500000407919
717.250000000000
698.999999368563
642.500001262873
586
529.499999368563
473.000001262873
386.250000000000
299.499999030493
212.750001939014
126
103.249999745749
80.5000005085021
57.7500000000000
34.9999996088445
7.82310939362318e-07
0
0
0
0
0
0
0
0
0
0
0
0
0
0
0
0
0
0
0
