14620.3138369054
14369.5115072840
14238.2744843119
14107.3212264956
14001.7864164214
13921.3862889335
13840.9861614456
13772.7679024566
13716.7315119664
13672.8769899752
13641.2043364827
13621.7135514892
13613.9172862072
13617.8155406367
13633.4083147777
13757.6743797061
13893.9101300889
14014.1661957876
14134.6515662720
14255.3662415420
14279.3314505217
14303.2507985444
14337.8613799324
14427.8992603915
14573.3644399218
14774.2569185233
15030.5766961959
15347.8415290440
15665.1063618921
15982.3711947402
16299.6360275883
16695.7645428416
17053.1863936532
17463.8429726091
17795.8263847440
18319.6733445607
18799.4321465154
19352.6731374552
20024.5864108312
20813.1514785425
21509.7798959678
22094.5649016747
22627.4124730071
23203.4479706893
23893.2736589361
24484.3739447377
25153.7436126649
25776.8222238537
26167.6722088213
26305.6656707461
26417.6043583099
26503.4882715127
26627.9718718746
26723.5064304340
26787.1959431891
26832.5508505564
26839.3060707647
26926.1555115860
26904.9254810497
26862.4659988308
26709.0321989596
26558.4932453832
26280.5758451500
26003.3339669377
25726.7676107463
25450.8767765756
24794.7498149985
24062.6222159029
23335.8431542643
22614.4126300827
21765.3739346467
21135.6675226574
20435.7572695898
20153.9319368025
19886.0989819897
19644.0991383824
18777.8680979348
18400.2745498940
17855.7709249062
17319.1264614117
16911.4571348910
17223.1943659401
17031.8332714783
16613.1757646652
16196.5451493662
15781.9414255812
15430.1713387316
15118.1795633428
14792.6138245078
14572.4833059898
14457.7880077888
14343.0927095877
14356.3160348532
14442.2671533280
14481.9368812491
14450.9448489896
14393.9195314451
14312.5138442739
14109.9897879293
13883.9882504650
13658.8896015076
13434.6938410573
13211.4009691139
13085.7489852241
12960.0970013343
12863.5643869813
12796.1511421652
12757.8572668861
12748.6827611438
12768.6276249383
12819.2993443409
13043.9370136753
13350.3600661176
13738.5685016680
14208.5623203264
14729.6146664848
15158.4864458193
15812.8910496177
16473.1773235327
17139.3452675643
17932.9837991192
18654.6778678434
19184.4897602630
19731.5652207921
20176.3795522192
20421.8504907689
20820.5888572409
21266.9995406450
21627.5300206668
22160.5949663852
22841.6877241689
23517.6125235724
24353.0991283641
25304.3273763788
26434.9279369056
27575.0030877961
28544.5933155239
29187.5244169052
29969.5489749220
30395.8793650716
30847.7141870639
31293.2230115752
31723.8502780210
31861.7214958322
31939.2909008099
31745.5370812717
31552.0627276126
31339.0240631046
31106.4210877475
30914.0665490864
30761.6809812422
30589.4516366697
30417.2222920973
30244.9929475248
30072.7636029524
29900.5342583799
29728.3049138075
29647.4319260631
29583.0326329037
29516.1372709667
29446.7458402520
29374.8583407596
28919.9830802173
28323.6500437037
27604.8289945816
26763.5199328509
25799.7228585116
25002.5731070079
24049.4845703146
23101.8936181145
22035.5628650903
20979.4419118390
20058.2439429053
19333.6634436136
18544.1439745929
17922.0398804453
17325.8474004481
16823.0391042103
16265.5129397011
15845.2256070295
15483.1819191673
15283.8297725638
15244.2030445735
15131.3565542658
14418.3187737971
13906.0802378324
13846.8336892360
13573.2300728359
13551.3314264021
14133.5078102376
14572.4117545406
14629.2935720128
14549.0368970280
14403.5715169049
14234.8747332051
13935.2161619104
13435.5895940488
13090.3424391110
12720.5166363555
12446.8269069021
12180.4034393187
11996.3288410133
11712.9509238293
11399.9353913952
11061.3955608379
10841.5351824763
10603.2445546504
10523.9230321622
10574.1481068759
10669.8792761031
10780.7481478555
11008.8663722795
11322.0502618865
11714.8996870397
12278.5805405640
12925.1773263683
13578.2749056403
14254.1252620494
14936.4764119263
15641.5803389403
16353.1850594220
17133.5253685655
17881.6841833442
18695.3281900509
19488.9409958667
20345.6527897443
20919.6703435586
21631.1461494999
22490.4505219806
23486.0522917376
24486.8392187009
25815.3544304510
26888.9255895073
27474.7451662989
27979.2732878314
28360.0269217188
28578.0213733114
28795.7764878997
29235.7294806424
29481.0499101211
29726.3703395999
29922.6266831829
30066.8809549459
30159.1331548890
30199.3832830120
30187.6313393151
30170.8848342333
30152.0817536907
30131.2220976874
30108.3058662235
30083.3330592988
30058.3602523741
30033.3874454494
30008.4146385248
29983.4418316001
29958.4690246754
29820.9720177343
29570.9508107768
29208.4054038028
28733.3357968124
28145.7419898056
27558.1481827987
26970.5543757919
26382.9605687850
25651.2486399376
24922.9762845947
24143.9559191564
23214.1819215795
22291.8603332623
21395.8228182172
20507.2377124318
19680.2925995056
18900.0253641674
18126.6372758381
17485.4147923456
16760.4243683563
16024.8715885757
15664.5189524048
15402.2227947284
15081.4968507277
14839.3653029074
14692.2376360995
14347.1338348012
13878.1481413124
13506.5453915989
13225.3316156115
13043.9513825669
12890.4890526692
12866.0393416004
12816.5093760774
12658.4036697615
12388.1104921030
12122.4606894301
11875.3989468701
11698.9632831879
11637.7976315330
11596.4540837012
11552.2026865765
11474.6461513459
11401.0607613807
11327.4753714155
11253.8899814503
11180.3045914851
11106.7192015200
11033.1338115548
11036.8714562065
11117.9321354751
11276.3158493605
11512.0225978629
11916.7170088144
12323.7159335067
12733.0193719398
13144.6273241136
13659.4224728234
14087.1620211825
14681.7524195562
15322.8086053190
16010.3305784709
16643.4356562167
17320.7020076109
17877.5832963796
18434.4645851484
19146.0005543130
19861.8202256988
20442.0189551588
21272.8567236830
21904.9531297393
22497.4270388804
23053.3496939751
23867.3807451923
24269.9568822085
25025.7670624892
25637.5909611157
26252.7283133935
26716.4241133014
27311.9816901722
27724.0924880728
28173.5646771417
28440.7952710924
28625.6037054629
28753.6578025199
28967.5565114934
28856.3290915861
28970.4083650215
28959.0003806523
29224.2347341589
29389.6496521275
29911.5622282997
30185.3521423908
30484.8098787484
30467.6976170662
30439.7510348810
30187.1998713815
29833.9989442678
29595.3072354508
28936.0557975463
28186.8739396074
27511.1415829117
26746.3663146661
25941.2334413953
25311.3903440441
24619.7492079181
23605.9919294694
22742.2148906253
21590.4166928625
20709.3269901064
19687.7738017115
18988.3367556393
18571.2026986891
18218.8182673455
17816.5600945504
17396.3731814966
16835.0346449294
16355.0348138268
16083.0937864334
15936.0232026031
15939.7349687786
15948.9645125506
15819.5005384455
15650.0584020752
15284.8905960870
15073.6147525060
14846.0870914611
14560.9751670719
14299.0374873430
14088.7147353437
13768.2900043465
13452.9284252906
13047.6348508305
12616.4340602171
12188.5438602228
11683.0224927300
11271.6852458317
10892.6255299633
10619.5018038806
10389.1793393307
10282.5998944314
10216.8353566935
10191.8857261168
10207.9659192527
10299.2437239430
10465.7191401878
10707.3921679872
10996.0009792536
11370.9316172760
11836.7931095360
12306.4954580305
12780.0386627597
13381.9926047768
13990.4101115287
14609.5705863901
15439.2645160637
16480.9565869994
17526.5010173068
18583.2613246953
19642.3490783091
20751.7377320019
21612.4308943566
22325.9131769922
23037.2483066347
23838.5311224794
24655.7648909563
25493.9457141462
26592.8892411981
27387.5596758103
28134.8927788697
28379.3175156780
28663.0822588697
28629.0302854259
28995.0871559255
28986.5745881079
29131.2944823096
29165.3464557533
29378.1702968426
29293.0406469287
29202.2359518030
29151.1582753329
29193.7228165943
29009.2753363460
28898.6068481970
29000.7622011373
29020.6259941606
28975.2239302933
29202.2792846223
29374.8173252646
29487.1624396175
29659.4990640813
29821.3639939618
29793.9425961856
29782.1904566719
29611.7880073794
29253.3560744245
28561.7822737172
27701.0482647953
26671.1540476588
25646.4191903492
24465.6280223951
23454.8377671103
22450.0667649567
21451.3150159343
20483.3473165401
19847.7140552060
19286.3757335596
18585.3905610267
17940.2124928248
17579.3153217269
17040.8500460654
16469.3647609116
16083.9606467554
15864.6019738940
15483.2393861369
15089.1647903524
14747.0133195123
14357.6392433016
13873.2182367159
12949.0477728769
12522.7651720021
12420.1369344476
12497.5845824656
12570.7614229401
13059.1807496701
13197.4276192763
13041.3568781297
12828.5333443772
12615.7098106248
12402.8862768724
12190.0627431200
11977.2392093676
11764.4156756151
11648.5450626887
11579.9685972688
11660.3686645789
11676.9216126600
11736.0392674916
11655.6392474641
11672.1921719039
11608.3450763163
11674.5567740755
11835.1131898850
12145.7095368426
12419.5339689415
12732.2570654530
13086.2436649616
13410.7960167846
13837.4864969313
14266.4814908188
14804.5281542522
15347.1838451671
15894.4485635636
16274.6646832717
16587.6658188745
16956.3108361660
17282.3795669150
17536.2345864345
17912.6817291832
18411.7209951612
18803.7463627691
19422.3823989491
20170.2172863129
21060.7514740364
21959.1106909022
22865.2949369104
23648.3424554144
24435.3024884896
24842.3185618598
25141.8481047061
25379.7517876015
25550.2972416453
25455.7091429266
25475.7735803238
25490.1050756980
25561.7631256914
25447.1105895754
25464.3082694000
25320.9927425355
25107.5671459923
24717.6912797459
24440.1177041568
24364.0601384036
24476.7488252267
24684.6994707348
24942.9825389061
25212.2149790097
25148.4077702959
24921.9776922632
24518.8082219678
23981.2489282407
23175.5004106143
22373.8449840568
21576.2826485683
20782.8134041488
19876.0102146066
19111.1926076700
18367.9666515032
17591.3568077954
16862.9525831801
16341.2265704842
15955.9656523590
15609.9017222540
15427.5184120528
15329.7054646714
15258.0620808768
15173.1819956207
15154.8347557525
14697.3313705612
14234.8034367953
13784.6061970525
13295.1749071919
13103.3584478086
13402.1283526254
13637.5470630588
13826.1718251772
14101.8765513605
14031.8912601420
13859.4253149375
13612.7290782368
13366.0328415360
13063.3088203491
12800.4781155474
12449.4523868784
12255.3070090620
12060.6390181976
11745.5477591835
11393.5432025908
11132.7136886723
10807.0601925031
10483.1981404197
10369.3674038428
10183.6232967956
10126.7080438480
10110.9409103917
10101.7113350980
9903.27661969242
9843.28484164692
9734.83790865044
9709.45680727452
9801.75209884791
10060.0783890349
10597.6979855405
11159.9966738394
11410.6554957947
11573.9922165487
11711.1166016011
11747.1461878691
11762.3949511014
12109.4479354938
12458.0486251022
12820.9234978582
13093.0797040062
13459.0502622926
13642.0356617915
14029.6757780796
14478.7122131200
15040.5664651611
15367.6699460954
15901.1477943114
16354.3114747825
16962.9009877053
17508.3742505534
18538.1967421548
19678.8022088088
20543.6111987092
21292.0908987700
21884.9300403911
22009.6431733548
21812.5987178818
21903.8765096769
21848.5566610009
21765.5770262527
21627.2775428285
21699.1931525353
21596.8516122302
21364.5084690163
21132.1653258023
21024.2917729765
20797.4806422833
20763.9015749458
20777.1009389246
20731.9707728569
20620.2131962274
20305.0908646255
19760.3485246620
19105.9697842954
18456.7504028958
17812.6903804635
17186.6881144160
16667.7425692880
16248.2350668897
15813.3698478507
15255.0110243772
14789.3529816382
14293.9899018323
13715.6600128948
13140.9115798964
12677.8804906310
12214.8494013656
11594.0708788406
11139.9067807868
10705.6162105247
10213.3072155964
9832.98069291051
9548.64260536839
9284.11071707669
9014.40521755665
8856.77959355417
8580.69645895332
8408.43112660101
8233.39978798833
8140.77488520314
8088.94481668831
8065.61310525269
8006.28054246675
7965.66496006540
