0
0
0
0
0
0
0
0
0
0
0
0
0
0
0
0
0
0
0
0
0
0
0
0
0
78
78
78
78.0000008465722
153.750000000000
229.500000000000
305.250000846572
381
417
453.000000402331
489
525
582.500000642613
640
697.500000000000
755.000000251457
777.500000000000
800
822.500000251457
845
848.500000000000
852.000000039116
855.500000000000
859
853.249999935739
847.500000000000
841.750000000000
835.999999580905
798.500000000000
761
723.499999580905
686
702.750000000000
719.500000187196
736.250000000000
753
734.499999793246
716
697.500000000000
678.999999175780
605.250000000000
531.500000000000
457.749999175780
384
319.750000000000
255.499999281950
191.250000000000
127
0
0
0
0
0
0
0
0
0
0
0
0
0
0
0
0
0
0
0
0
0
0
0
0
0
0
0
0
0
0
0
0
0
0
0
0
0
0
0
0
0
0
0
0
0
0
0
0
90
90
90
90.0000009303913
173.250000000000
256.500000000000
339.750000930391
423
485.250000000000
547.500000695698
609.750000000000
672
701.250000326894
730.500000000000
759.750000000000
789.000000162050
803.500000000000
818
832.500000162050
847
848.500000000000
850.000000016764
851.500000000000
853
827.749999717809
802.500000000000
777.250000000000
751.999999189750
679.500000000000
607
534.499999189750
462
470.750000000000
479.500000097789
488.250000000000
497
495.249999980442
493.500000000000
491.750000000000
489.999999471940
442.750000000000
395.500000000000
348.249999471940
301
251.250000000000
201.499999444000
151.750000000000
102
0
0
0
0
0
0
0
0
0
0
0
0
0
0
0
0
0
0
0
0
0
0
0
0
0
0
0
0
0
0
0
0
0
0
0
0
0
0
0
0
0
0
0
0
0
0
0
0
75
75
75
75.0000007320195
140.500000000000
206
271.500000732020
337
420.750000000000
504.500000935979
588.250000000000
672
701.750000332482
731.500000000000
761.250000000000
791.000000159256
805.250000000000
819.500000000000
833.750000159256
848
854.750000000000
861.500000075437
868.250000000000
875
875.500000005588
876
876.500000000000
876.999999941327
871.750000000000
866.500000000000
861.249999941327
856
843.750000000000
831.499999863096
819.250000000000
807
771.999999608845
737
702
666.999999069609
583.750000000000
500.500000000000
417.249999069609
334
279.250000000000
224.499999388121
169.750000000000
115
0
0
0
0
0
0
0
0
0
0
0
0
0
0
0
0
0
0
0
0
0
0
0
0
0
0
0
0
0
0
0
0
0
0
0
0
0
0
0
0
0
0
0
0
0
0
0
0
85
85
85
85.0000007795170
154.750000000000
224.500000000000
294.250000779517
364
426.500000000000
489.000000698492
551.500000000000
614
648.000000379980
682
716
750.000000276603
774.750000000000
799.500000000000
824.250000276603
849
855.750000000000
862.500000075437
869.250000000000
876
845.749999661930
815.500000000000
785.250000000000
754.999999089167
673.500000000000
592
510.499999089167
429
492.750000000000
556.500000712462
620.250000000000
684
679.499999949709
675
670.500000000000
665.999999466352
618.250000000000
570.500000000000
522.749999466352
475
398.250000000000
321.499999142252
244.750000000000
168
0
0
0
0
0
0
0
0
0
0
0
0
0
0
0
0
0
0
0
0
0
0
0
0
0
0
0
0
0
0
0
0
0
0
0
0
0
0
0
0
0
0
0
0
0
0
0
0
76
76
76
76.0000006649643
135.500000000000
195
254.500000664964
314
400.750000000000
487.500000969507
574.250000000000
661
675.250000159256
689.500000000000
703.750000000000
717.999999435619
667.500000000000
617
566.499999435619
516
463.250000000000
410.499999410473
357.750000000000
305
341.750000410713
378.500000000000
415.250000000000
452.000000824221
525.750000000000
599.500000000000
673.250000824221
747
755.750000000000
764.500000097789
773.250000000000
782
748.749999628402
715.500000000000
682.250000000000
648.999999117106
570
491
411.999999117106
333
279.750000000000
226.499999404885
173.250000000000
120
0
0
0
0
0
0
0
0
0
0
0
0
0
0
0
0
0
0
0
0
0
0
0
0
0
0
0
0
0
0
0
0
0
0
0
0
0
0
0
0
0
0
0
0
0
0
0
0
64
64
64
64.0000005252659
111
158
205.000000525266
252
292.500000000000
333.000000452623
373.500000000000
414
463.500000553206
513
562.500000000000
612.000000477769
654.750000000000
697.500000000000
740.250000477769
783
794.750000000000
806.500000131317
818.250000000000
830
797.249999633990
764.500000000000
731.750000000000
698.999998608604
574.500000000000
450
325.499998608604
201
229.750000000000
258.500000321306
287.250000000000
316
258.749999360181
201.500000000000
144.250000000000
86.9999999860302
85.7500000000000
84.5000000000000
83.2499999860302
82
69
55.9999998547137
43
30
0
0
0
0
0
0
0
0
0
0
0
0
0
0
0
0
0
0
0
0
0
0
0
0
0
0
0
0
0
0
0
0
0
0
0
0
0
0
0
0
0
0
0
0
0
0
0
0
0
0
0
4.55416735593850e-07
40.7500000000000
81.5000000000000
122.250000455417
163
220.250000000000
277.500000639819
334.750000000000
392
303.499999010936
215
126.500000000000
37.9999999776483
36
34
31.9999999776483
30
84
138.000000603497
192
246
202.999999519438
160
117
73.9999998994172
65
56
46.9999998994172
38
95.5000000000000
153.000000642613
210.500000000000
268
220.749999471940
173.500000000000
126.250000000000
79.0000005587935
129
179
229.000000558794
279
235.500000000000
191.999999513850
148.500000000000
105
0
0
0
0
0
0
0
0
0
0
0
0
0
0
0
0
0
0
0
0
0
0
0
0
