7.22222222222222
7.22222222222222
7.22222222222222
7.22222222222222
7.22222222222222
7.22222222222222
7.22222222222222
7.22222222222222
7.22222222222222
6.66666666666667
6.66666666666667
6.66666666666667
6.66666666666667
6.11111111111111
6.11111111111111
6.11111111111111
6.11111111111111
5.55555555555556
5.55555555555556
5.55555555555556
5.55555555555556
5.55555555555556
5.55555555555556
5.55555555555556
5.55555555555556
6.11111111111111
6.11111111111111
6.11111111111111
6.11111111111111
7.22222222222222
7.22222222222222
7.22222222222222
7.22222222222222
7.22222222222222
7.22222222222222
7.22222222222222
7.22222222222222
7.22222222222222
7.22222222222222
7.22222222222222
7.22222222222222
7.77777777777778
7.77777777777778
7.77777777777778
7.77777777777778
7.77777777777778
7.77777777777778
7.77777777777778
7.77777777777778
8.33333333333333
8.33333333333333
8.33333333333333
8.33333333333333
8.33333333333333
8.33333333333333
8.33333333333333
8.33333333333333
8.33333333333333
8.33333333333333
8.33333333333333
8.33333333333333
8.88888888888889
8.88888888888889
8.88888888888889
8.88888888888889
8.33333333333333
8.33333333333333
8.33333333333333
8.33333333333333
8.33333333333333
8.33333333333333
8.33333333333333
8.33333333333333
7.77777777777778
7.77777777777778
7.77777777777778
7.77777777777778
7.77777777777778
7.77777777777778
7.77777777777778
7.77777777777778
7.77777777777778
7.77777777777778
7.77777777777778
7.77777777777778
7.22222222222222
7.22222222222222
7.22222222222222
7.22222222222222
7.22222222222222
7.22222222222222
7.22222222222222
7.22222222222222
6.66666666666667
6.66666666666667
6.66666666666667
6.66666666666667
6.11111111111111
6.11111111111111
6.11111111111111
6.11111111111111
5.55555555555556
5.55555555555556
5.55555555555556
5.55555555555556
5.55555555555556
5.55555555555556
5.55555555555556
5.55555555555556
5.55555555555556
5.55555555555556
5.55555555555556
5.55555555555556
5
5
5
5
5
5
5
5
5
5
5
5
6.66666666666667
6.66666666666667
6.66666666666667
6.66666666666667
7.77777777777778
7.77777777777778
7.77777777777778
7.77777777777778
7.77777777777778
7.77777777777778
7.77777777777778
7.77777777777778
8.88888888888889
8.88888888888889
8.88888888888889
8.88888888888889
9.44444444444445
9.44444444444445
9.44444444444445
9.44444444444445
10
10
10
10
10
10
10
10
9.44444444444445
9.44444444444445
9.44444444444445
9.44444444444445
9.44444444444445
9.44444444444445
9.44444444444445
9.44444444444445
9.44444444444445
9.44444444444445
9.44444444444445
9.44444444444445
8.33333333333333
8.33333333333333
8.33333333333333
8.33333333333333
8.33333333333333
8.33333333333333
8.33333333333333
8.33333333333333
8.33333333333333
8.33333333333333
8.33333333333333
8.33333333333333
7.77777777777778
7.77777777777778
7.77777777777778
7.77777777777778
7.77777777777778
7.77777777777778
7.77777777777778
7.77777777777778
7.22222222222222
7.22222222222222
7.22222222222222
7.22222222222222
7.22222222222222
7.22222222222222
7.22222222222222
7.22222222222222
6.66666666666667
6.66666666666667
6.66666666666667
6.66666666666667
6.66666666666667
6.66666666666667
6.66666666666667
6.66666666666667
6.11111111111111
6.11111111111111
6.11111111111111
6.11111111111111
5
5
5
5
5.55555555555556
5.55555555555556
5.55555555555556
5.55555555555556
4.44444444444445
4.44444444444445
4.44444444444445
4.44444444444445
5
5
5
5
6.66666666666667
6.66666666666667
6.66666666666667
6.66666666666667
7.77777777777778
7.77777777777778
7.77777777777778
7.77777777777778
8.33333333333333
8.33333333333333
8.33333333333333
8.33333333333333
8.88888888888889
8.88888888888889
8.88888888888889
8.88888888888889
9.44444444444445
9.44444444444445
9.44444444444445
9.44444444444445
9.44444444444445
9.44444444444445
9.44444444444445
9.44444444444445
9.44444444444445
9.44444444444445
9.44444444444445
9.44444444444445
9.44444444444445
9.44444444444445
9.44444444444445
9.44444444444445
10
10
10
10
10
10
10
10
9.44444444444445
9.44444444444445
9.44444444444445
9.44444444444445
9.44444444444445
9.44444444444445
9.44444444444445
9.44444444444445
8.88888888888889
8.88888888888889
8.88888888888889
8.88888888888889
8.88888888888889
8.88888888888889
8.88888888888889
8.88888888888889
8.33333333333333
8.33333333333333
8.33333333333333
8.33333333333333
8.33333333333333
8.33333333333333
8.33333333333333
8.33333333333333
7.77777777777778
7.77777777777778
7.77777777777778
7.77777777777778
7.22222222222222
7.22222222222222
7.22222222222222
7.22222222222222
7.77777777777778
7.77777777777778
7.77777777777778
7.77777777777778
7.22222222222222
7.22222222222222
7.22222222222222
7.22222222222222
6.11111111111111
6.11111111111111
6.11111111111111
6.11111111111111
6.11111111111111
6.11111111111111
6.11111111111111
6.11111111111111
7.22222222222222
7.22222222222222
7.22222222222222
7.22222222222222
7.22222222222222
7.22222222222222
7.22222222222222
7.22222222222222
7.77777777777778
7.77777777777778
7.77777777777778
7.77777777777778
8.88888888888889
8.88888888888889
8.88888888888889
8.88888888888889
9.44444444444445
9.44444444444445
9.44444444444445
9.44444444444445
10
10
10
10
11.1111111111111
11.1111111111111
11.1111111111111
11.1111111111111
10.5555555555556
10.5555555555556
10.5555555555556
10.5555555555556
10.5555555555556
10.5555555555556
10.5555555555556
10.5555555555556
10.5555555555556
10.5555555555556
10.5555555555556
10.5555555555556
10
10
10
10
10
10
10
10
10
10
10
10
10
10
10
10
10
10
10
10
9.44444444444445
9.44444444444445
9.44444444444445
9.44444444444445
9.44444444444445
9.44444444444445
9.44444444444445
9.44444444444445
9.44444444444445
9.44444444444445
9.44444444444445
9.44444444444445
9.44444444444445
9.44444444444445
9.44444444444445
9.44444444444445
8.88888888888889
8.88888888888889
8.88888888888889
8.88888888888889
8.88888888888889
8.88888888888889
8.88888888888889
8.88888888888889
7.77777777777778
7.77777777777778
7.77777777777778
7.77777777777778
7.77777777777778
7.77777777777778
7.77777777777778
7.77777777777778
7.22222222222222
7.22222222222222
7.22222222222222
7.22222222222222
6.66666666666667
6.66666666666667
6.66666666666667
6.66666666666667
7.22222222222222
7.22222222222222
7.22222222222222
7.22222222222222
8.33333333333333
8.33333333333333
8.33333333333333
8.33333333333333
8.88888888888889
8.88888888888889
8.88888888888889
8.88888888888889
8.88888888888889
8.88888888888889
8.88888888888889
8.88888888888889
9.44444444444445
9.44444444444445
9.44444444444445
9.44444444444445
10.5555555555556
10.5555555555556
10.5555555555556
10.5555555555556
10.5555555555556
10.5555555555556
10.5555555555556
10.5555555555556
9.44444444444445
9.44444444444445
9.44444444444445
9.44444444444445
10
10
10
10
10
10
10
10
9.44444444444445
9.44444444444445
9.44444444444445
9.44444444444445
8.88888888888889
8.88888888888889
8.88888888888889
8.88888888888889
8.88888888888889
8.88888888888889
8.88888888888889
8.88888888888889
9.44444444444445
9.44444444444445
9.44444444444445
9.44444444444445
9.44444444444445
9.44444444444445
9.44444444444445
9.44444444444445
8.88888888888889
8.88888888888889
8.88888888888889
8.88888888888889
8.88888888888889
8.88888888888889
8.88888888888889
8.88888888888889
8.88888888888889
8.88888888888889
8.88888888888889
8.88888888888889
8.33333333333333
8.33333333333333
8.33333333333333
8.33333333333333
8.33333333333333
8.33333333333333
8.33333333333333
8.33333333333333
8.33333333333333
8.33333333333333
8.33333333333333
8.33333333333333
8.33333333333333
8.33333333333333
8.33333333333333
8.33333333333333
8.33333333333333
8.33333333333333
8.33333333333333
8.33333333333333
8.88888888888889
8.88888888888889
8.88888888888889
8.88888888888889
8.88888888888889
8.88888888888889
8.88888888888889
8.88888888888889
8.88888888888889
8.88888888888889
8.88888888888889
8.88888888888889
8.33333333333333
8.33333333333333
8.33333333333333
8.33333333333333
10
10
10
10
8.88888888888889
8.88888888888889
8.88888888888889
8.88888888888889
9.44444444444445
9.44444444444445
9.44444444444445
9.44444444444445
10
10
10
10
10
10
10
10
10
10
10
10
10
10
10
10
10
10
10
10
10
10
10
10
9.44444444444445
9.44444444444445
9.44444444444445
9.44444444444445
10
10
10
10
10
10
10
10
10.5555555555556
10.5555555555556
10.5555555555556
10.5555555555556
11.1111111111111
11.1111111111111
11.1111111111111
11.1111111111111
11.1111111111111
11.1111111111111
11.1111111111111
11.1111111111111
11.1111111111111
11.1111111111111
11.1111111111111
11.1111111111111
9.44444444444445
9.44444444444445
9.44444444444445
9.44444444444445
8.88888888888889
8.88888888888889
8.88888888888889
8.88888888888889
8.33333333333333
8.33333333333333
8.33333333333333
8.33333333333333
8.88888888888889
8.88888888888889
8.88888888888889
8.88888888888889
8.88888888888889
8.88888888888889
8.88888888888889
8.88888888888889
7.77777777777778
7.77777777777778
7.77777777777778
7.77777777777778
8.33333333333333
8.33333333333333
8.33333333333333
8.33333333333333
8.33333333333333
8.33333333333333
8.33333333333333
8.33333333333333
7.77777777777778
7.77777777777778
7.77777777777778
7.77777777777778
7.22222222222222
7.22222222222222
7.22222222222222
7.22222222222222
7.22222222222222
7.22222222222222
7.22222222222222
7.22222222222222
7.77777777777778
7.77777777777778
7.77777777777778
7.77777777777778
7.22222222222222
7.22222222222222
7.22222222222222
7.22222222222222
6.11111111111111
6.11111111111111
6.11111111111111
6.11111111111111
6.11111111111111
6.11111111111111
6.11111111111111
6.11111111111111
6.11111111111111
6.11111111111111
6.11111111111111
6.11111111111111
5.55555555555556
5.55555555555556
5.55555555555556
5.55555555555556
6.11111111111111
6.11111111111111
6.11111111111111
6.11111111111111
6.11111111111111
6.11111111111111
6.11111111111111
6.11111111111111
5
5
5
5
4.44444444444445
4.44444444444445
4.44444444444445
4.44444444444445
4.44444444444445
4.44444444444445
4.44444444444445
4.44444444444445
4.44444444444445
4.44444444444445
4.44444444444445
4.44444444444445
