2562.00551535780
2611.27395892163
2700.41624557399
2796.20385488905
2723.55154020609
2653.02091068124
2608.94049953476
2563.71010727808
2550.55825433705
2574.84060071172
2599.06832249517
2596.11875305452
2592.44084723572
2587.37910357272
2580.83448655303
2573.34303160460
2533.33844264818
2495.41481350440
2426.81757668157
2336.00323411568
2246.19035406973
2192.19152967196
2139.27646041102
2121.59767436501
2109.87448313755
2102.68006142709
2095.48563971663
2085.85483943485
2073.04520146139
2077.57397097838
2077.57397097838
2077.57397097838
2077.57397097838
2077.57397097838
2085.49931055866
2095.68904904638
2105.87878753411
2164.75281955303
2169.28158907003
2298.81020671008
2361.99803903920
2635.93138652925
2677.79387486557
3004.71645387760
3216.74145565136
3509.11241578520
3663.20522745127
4013.10328548439
4144.45715461267
4270.40052951537
4464.91690635546
4596.91884875855
4785.88055393372
5032.18161120685
5337.30414568309
5561.60853317840
5776.27770817069
5920.99654938470
6059.96469948839
6116.54562431653
6154.30910049033
6176.19745424709
6176.91780301083
6092.16143874926
5744.73052429665
5332.32325094127
5206.29031910851
4848.52153975925
4503.79953179258
4359.86775163000
4293.97122383426
3927.77774983637
3896.56361421574
3762.90756953684
3772.95402029413
3761.66074348078
3710.62607123985
3578.08780339287
3559.95836288089
3404.66161618995
3272.43872534690
3220.27187872634
3168.10503210578
3056.92080699083
3012.03434683856
2967.14788668629
2926.90487745818
2854.07191105943
2836.96004626446
2787.25822429885
2692.06803484956
2583.97944798247
2472.36528230471
2413.63457311997
2387.49382110586
2406.84143657544
2423.60935708716
2437.96959203559
2393.02296572279
2341.65293464179
2283.85949879256
2219.64265817513
2187.52563433406
2175.56450989358
2183.14016150253
2146.13894364910
2109.21511621457
2072.36867919893
2029.07591152149
1979.95593653340
1989.12239974647
2011.92104127943
2048.35186113228
2084.78268098513
2121.21350083798
2157.64432069084
2227.24982513270
2297.38846352363
2360.24093794399
2413.28489575141
2423.15647558629
2390.21683280847
2347.10751805788
2301.64782925417
2294.48205720936
2252.40461399429
2212.67754483235
2192.07450160119
2225.91990265247
2242.09162713943
2347.15912435081
2470.32450911440
2635.43549060240
2816.80705459968
3001.04779589181
3232.75178255234
3514.56748593035
3661.39140108967
3739.85666351041
3912.23663607670
4025.24666624976
4022.06507542293
4151.32141019681
4356.39161913656
4443.28385857940
4576.72496736422
4747.74340990062
4912.66195957016
5002.90419751918
5097.58019241779
5189.79659299492
5293.60898210366
5348.54718364814
5403.53912830027
5458.58481606005
5456.86930938492
5447.48176826974
5430.42219271451
5405.69058271924
5373.28693828393
5340.88329384861
5308.47964941329
5276.07600497798
5243.67236054266
5211.26871610735
5166.28483548612
5108.72071867899
5038.57636568594
4912.85711071050
4775.41751271034
4638.83780787137
4503.11799619358
4328.70298452524
4199.00242497576
4032.32645175810
3892.09216029240
3758.02760423549
3632.67806885752
3513.26609763165
3437.62699738725
3342.34367270419
3247.68806992562
3190.66999693315
3094.86786807702
2999.79808144282
2905.46063703054
2822.52680721675
2750.99659200146
2729.65404724831
2718.98277487174
2495.06654635289
2350.79793757818
2365.88906066571
2348.61809533879
2330.92148034383
2536.71544419966
2630.60288769524
2564.73074661011
2530.82084122095
2496.93673278137
2463.07842129137
2461.47901041750
2460.01288711438
2458.68005138204
2457.48050322045
2456.41424262963
2455.08141689110
2453.74859115257
2452.41576541404
2451.08293967551
2449.75011393698
2448.41728819845
2410.53326103332
2372.91579901591
2335.56490214619
2298.48057042419
2261.66280384989
2261.66280384989
2230.10471821477
2217.92289628209
2294.04638843278
2356.53483887311
2439.85277279355
2575.55827582922
2712.71699864256
2824.13051493152
2971.46177618864
3120.24625722345
3247.43881632996
3416.91089418346
3589.08159960802
3806.37806980780
4020.56028846791
4314.71544890857
4618.72355182115
4932.58459720567
5201.60937003831
5474.03788663399
5746.66704330522
5975.84579537805
6159.42440994952
6420.94949279830
6753.18360867149
7038.42456079275
7326.57195246937
7617.62578370136
7773.00851377660
7935.09841205652
8097.18831033645
8180.51914545400
8185.09091740920
8178.47404325630
8025.52768888676
7793.82227135486
7562.11685382296
7330.41143629106
7098.70601875916
6867.00060122726
6584.21752012048
6346.44745733807
6153.69041288003
6005.94638674636
5881.23603958678
5781.74350109672
5661.27769827216
5519.83863111311
5357.42629961956
5143.67260368941
4980.99227083959
4776.62860839007
4574.44477514142
4374.44077109362
4200.48006076491
4039.88638427102
3935.51682539672
3843.50822534146
3723.58748359404
3643.44971063202
3562.24997270220
3479.98826980457
3396.66460193914
3352.55206961711
3308.43953729507
3290.79452114244
3298.88181228719
3306.23389455990
3320.73172348398
3293.31832776019
3193.25541304820
3076.28269750324
2974.65764564033
2874.42845698320
2824.65210283107
2829.59936135489
2834.26572327145
2798.20753891888
2762.16655231777
2726.14276346812
2690.13617236994
2654.14677902322
2652.82828474425
2651.77348932107
2672.34214507301
2714.53425200008
2733.14521647872
2771.75443358646
2830.09820446748
2886.81677680247
2941.91015059143
3040.58291945790
3139.25568832437
3237.92845719083
3304.92848426824
3387.06836411798
3390.72290761726
3362.70470932746
3354.67902821733
3294.98808813847
3188.48455349821
3114.87480648150
3089.27863739340
2971.24393341845
2916.81267642798
2934.47528516214
2998.07953699452
3133.86896544500
3390.55939479608
3671.35140192067
3916.08930910991
4222.52865552065
4479.86236710715
4678.71760806860
4863.18233759818
5033.25655569589
5183.10732053297
5293.82433458597
5414.85146321996
5600.87792188858
5798.16037770147
6020.85840690502
6245.60584832900
6472.40270197341
6646.55975238459
6821.82033245293
6932.17329816820
7026.47492554329
7104.72521457820
7229.00846285845
7299.83501761232
7257.70026073788
7237.66476677919
7180.22391763431
7023.29341571773
6866.36291380116
6768.93702998652
6560.24094841869
6352.83470659263
6146.71830450835
5941.89166192874
5778.48326679079
5640.29834764188
5578.30004705233
5475.34212664582
5365.99238709883
5310.42895644514
5183.56607195207
4968.75038598002
4910.53558569794
4814.18455787531
4664.93569177281
4646.73460166439
4559.08280471573
4385.88600253560
4327.19827823718
4300.94288314348
4246.85559025675
4278.06966808756
4283.27196623450
4248.58957405941
3912.41429982391
3674.76847920265
3631.67351161277
3609.94689857311
3543.97017334891
3705.47245223550
3790.20058415255
3747.52837184388
3704.97224516355
3657.28542193373
3636.00305673784
3614.72069154196
3548.04312418508
3484.31641608148
3468.39403645989
3455.15164962546
3442.85515094224
3431.50454041024
3418.41982524230
3366.83196736688
3277.10212149902
3187.73343034621
3098.72589390845
3010.07951218574
2958.56332324963
2943.81617238507
2942.83304303560
2918.60412560025
2907.47711184272
2909.45200176299
2924.52879536107
2938.94347112187
2989.70583864634
3081.45072279543
3121.80193170443
3151.41092307933
3174.69398847016
3253.80706359642
3350.72566485818
3466.78047448088
3655.32357742247
3914.89671515761
4186.30198499146
4416.62154954271
4760.36391465987
5061.78806073415
5317.93595474086
5533.15866068351
5755.46689152414
5865.01730983243
6004.69265779080
6120.06168557280
6203.81529615025
6254.60633698167
6327.71637933974
6342.00015798693
6351.88892274967
6357.38267362796
6361.77765455788
6430.84616908408
6499.95927037334
6624.62785024484
6749.37923410489
6848.36487188479
6856.91122998826
6839.64725524854
6741.06205584643
6616.62830637563
6492.19455690484
6367.76080743405
6243.32705796326
6072.24409676094
5902.15001303785
5707.29818260393
5533.34893971147
5380.30228436047
5290.22562000119
5215.48085742286
5181.81462081556
5099.90119288019
5013.77571079164
4877.93979557544
4742.90501430342
4608.67136697559
4518.90423663874
4388.12162783970
4312.17585101722
4240.55533909945
4173.26009208640
4069.53116605681
4013.38012818863
3960.66866210552
3897.83625298224
3824.88290081878
3821.09936970601
3804.67541926805
3773.97724269826
3530.28635169807
3343.56052776120
3266.36218649597
3155.03324478515
3044.53696626535
3175.16907208282
3264.01610083020
3179.75514021473
3145.41815987409
3124.52274247426
3089.05216999279
3050.44296864592
3050.74679938540
3049.83530716695
3049.22764568799
3048.92381494851
3050.44296864592
3051.65829160384
3052.56978382229
3018.60973274230
2984.34585092283
2949.77813836388
2915.21042580493
2880.64271324598
2880.64271324598
2880.64271324598
2915.21042580493
2961.93129580137
3020.80532323531
3024.67483826969
3039.43633402636
3030.52209794635
3097.73708513224
3105.99205290305
3187.16597593740
3207.66009312685
3331.19809386873
3373.24686764543
3448.17222799876
3556.35539701843
3725.59959279063
3833.86015502317
3989.46644705570
4171.46286892223
4314.74689369152
4459.21757126395
4615.28247716623
4730.36056809856
4846.13087316606
4966.78681078280
5092.32838094879
5170.66897903219
5253.20299552967
5339.93043044121
5477.18519830172
5615.22246933435
5754.04224353913
5893.64452091603
6034.02930146507
6151.88625730057
6251.61522298161
6333.21619850822
6382.14267452418
6394.65409334061
6343.53344989422
6274.12573940274
6186.43096186616
6094.99562664069
6003.56029141521
5912.12495618974
5820.68962096426
5729.25428573878
5637.81895051331
5564.67068233292
5522.27790294890
5448.24310386692
5388.22661933929
5297.12090320604
5201.93069727948
5045.44855904329
4934.99528045427
4824.91052726013
4755.10153676082
4680.27650009892
4594.91367313969
4504.85214166447
4410.09190567324
4315.83327402603
4222.07624672285
4179.08158866352
4136.08693060418
4093.09227254484
4049.92563482165
3967.39307899791
3885.12708907410
3803.12766505022
3721.39480692627
3396.74207918606
3200.90853971904
3035.17252838371
2875.63906710132
2758.87594622010
2897.70952148410
2921.76504583871
2921.35357123912
2921.03574655680
2869.13076635843
2826.06388485384
2813.76857193252
2802.76544087184
2793.73974061431
2798.31391444474
2799.50017589865
2792.21137013670
2754.49846867487
2715.82730570518
2681.57451750116
2639.44489389858
2608.31379265732
2583.11677089681
2560.80162670694
2538.63350314532
2515.86442731933
2496.22366927345
2536.25499552120
2558.19032821895
2579.10957226164
2610.04251374527
2611.35137599854
2583.39994976808
2594.29196111658
2603.99563001476
2625.77958465350
2674.68798936238
2774.90566142335
2849.78799698672
2936.75065231978
2944.91961829473
2954.52172664309
2949.57736861941
2933.16776414816
2905.86618235755
2938.25553527277
3008.76684068570
3268.42155827313
3560.62483930065
3653.57927592612
3971.81159520239
4263.29752556136
4337.64370809583
4408.03938070265
4757.52367498914
4946.07248958238
5129.14348858096
5307.29429626803
5474.78967183206
5562.74166896012
5581.94820771759
5585.10978449688
5570.28993723708
5538.71377127295
5493.16741793675
5487.13088936447
5469.66974342744
5438.67004727176
5395.05072626747
5337.31547074343
5213.79401302256
5083.39287814785
4949.92716116372
4814.00143746205
4406.66988291148
4026.14821877009
3639.10907974288
3278.29609814732
2882.83545324376
2786.57036223924
2690.30527123473
2635.70201810314
2519.18644060229
2461.53060288385
2461.91757933602
2451.98584043299
2372.01578031120
2357.82755475735
2347.50883940216
2279.14730987637
2221.10449570576
2195.30768582570
2165.64136574697
2135.97504566825
2105.10486794252
2049.58441501113
1999.08000695280
2084.59639404032
2161.59982322884
2239.80711006436
